TWA;0;2;4;5;8;10;12;14;16;18;20;22;24;25;26;28;30;32;35;40;50;60;70
0;0;0;0;0;0;0;0;0;0;0;0;0;0;0;0;0;0;0;0;0;0;0;0
20;0;0;0;0;0;0;0;0;0;0;0;0;0;0;0;0;0;0;0;0;0;0;0
30;0;1.72;3.4;4.04;5.2;5.76;6.46;6.66;6.77;6.87;7.07;7.17;7.27;7.27;7.37;7.37;7.47;6.73;6.54;5.6;3.74;1.87;0
35;0;2.17;4.28;5.18;6.44;7.19;8.15;8.66;8.78;8.81;8.92;9.21;8.99;9.26;9.33;9.09;9.47;8.27;8.27;7.11;4.74;2.37;0
40;0;2.52;5.15;6.16;7.54;8.47;9.46;10;10.2;10.4;10.6;10.81;10.91;11.01;11.01;11.11;11.21;10.09;9.81;8.41;5.6;2.81;0
45;0;2.83;5.71;6.77;8.52;9.19;10.1;10.5;10.89;11.09;11.28;11.41;11.51;11.61;11.61;11.71;12;10.72;10.5;9;6;3;0
50;0;3.03;6.16;7.25;8.99;9.59;10.5;10.91;11.31;11.51;11.71;11.92;12.12;12.22;12.32;12.42;12.62;11.45;11.05;9.47;6.31;3.16;0
55;0;3.02;6.56;7.68;9.4;9.9;10.91;11.21;11.61;11.92;12.22;12.42;12.72;12.82;12.93;13.13;13.43;12.18;11.76;10.08;6.71;3.36;0
60;0;3;6.54;7.65;9.69;10.2;11.21;11.61;12.02;12.32;12.62;12.93;13.47;13.43;13.59;13.83;14.14;12.91;12.37;10.6;7.07;3.53;0
65;0;2.95;6.48;7.58;9.66;10.17;11.51;12.02;12.42;12.83;13.23;13.63;14.11;14.24;14.44;14.74;15.15;14;13.26;11.36;7.57;3.79;0
70;0;2.9;6.38;7.46;9.57;10.08;11.47;11.98;12.83;13.33;13.84;14.34;14.84;15.05;15.25;15.67;16.16;15;14.14;12.12;8.08;4.04;0
75;0;2.82;6.24;7.31;9.43;9.94;11.37;11.88;12.78;13.29;14.44;14.95;15.45;15.75;15.95;16.46;16.97;15.81;14.85;12.72;8.48;4.24;0
80;0;2.74;6.07;7.11;9.23;9.75;11.2;11.7;12.66;13.17;14.39;14.89;16.26;16.55;16.83;17.31;17.77;16.54;15.55;13.33;8.89;4.44;0
85;0;2.64;5.87;6.87;8.98;9.49;10.96;11.46;12.46;12.97;14.25;14.75;16.2;16.49;16.77;18.18;18.68;17.27;16.35;14.02;9.34;4.67;0
90;0;2.53;5.63;6.59;8.68;9.2;10.65;11.16;12.19;12.69;14.01;14.52;16.04;16.33;16.61;18.11;18.62;17.68;16.29;13.97;9.31;4.66;0
95;0;2.4;5.36;6.29;8.33;8.86;10.3;10.8;11.85;12.35;13.68;14.21;15.76;16.06;16.34;17.92;18.42;17.5;16.12;13.82;9.21;4.6;0
100;0;2.27;5.08;5.97;7.96;8.49;9.9;10.4;11.45;11.94;13.28;13.8;15.38;15.68;15.97;17.59;18.11;17.2;15.84;13.57;9.05;4.52;0
105;0;2.13;4.78;5.63;7.54;8.09;9.45;9.95;10.99;11.48;12.8;13.34;14.91;15.22;15.51;17.15;17.67;16.78;15.46;13.25;8.84;4.41;0
110;0;1.99;4.46;5.26;7.12;7.67;8.98;9.47;10.49;10.98;12.27;12.81;14.37;14.67;14.97;16.6;17.13;16.28;14.99;12.85;8.56;4.28;0
115;0;1.85;4.14;4.89;6.66;7.22;8.47;8.97;9.96;10.44;11.68;12.24;13.75;14.07;14.36;15.98;16.5;15.68;14.44;12.38;8.25;4.13;0
120;0;1.71;3.82;4.51;6.21;6.78;7.96;8.45;9.4;9.88;11.07;11.63;13.1;13.4;13.7;15.27;15.8;15.02;13.82;11.86;7.91;3.95;0
125;0;1.56;3.49;4.14;5.76;6.33;7.44;7.93;8.84;9.3;10.42;11.01;12.39;12.7;13.01;14.5;15.06;14.3;13.17;11.29;7.52;3.77;0
130;0;1.43;3.17;3.78;5.31;5.9;6.93;7.41;8.27;8.74;9.77;10.37;11.68;12;12.3;13.71;14.27;13.56;12.49;10.7;7.14;3.56;0
135;0;1.3;2.87;3.43;4.88;5.47;6.42;6.91;7.71;8.17;9.13;9.73;10.97;11.28;11.59;12.91;13.48;12.8;11.8;10.11;6.74;3.37;0
140;0;1.18;2.59;3.11;4.47;5.07;5.95;6.43;7.18;7.63;8.51;9.13;10.26;10.58;10.91;12.12;12.69;12.06;11.11;9.52;6.34;3.17;0
145;0;1.07;2.32;2.81;4.1;4.7;5.5;5.99;6.68;7.13;7.93;8.55;9.6;9.93;10.25;11.35;11.95;11.34;10.45;8.96;5.97;2.99;0
150;0;0.97;2.09;2.54;3.76;4.36;5.1;5.58;6.22;6.67;7.39;8.03;8.99;9.31;9.63;10.64;11.24;10.68;9.84;8.43;5.63;2.81;0
155;0;0.88;1.88;2.29;3.45;4.07;4.74;5.22;5.82;6.26;6.92;7.56;8.44;8.76;9.1;10.02;10.61;10.09;9.29;7.97;5.31;2.66;0
160;0;0.81;1.71;2.09;3.2;3.82;4.44;4.92;5.47;5.92;6.51;7.17;7.98;8.3;8.63;9.47;10.08;9.57;8.82;7.56;5.04;2.53;0
165;0;0.75;1.57;1.94;3;3.61;4.2;4.69;5.2;5.64;6.19;6.85;7.59;7.93;8.26;9.03;9.64;9.16;8.44;7.23;4.83;2.41;0
170;0;0.71;1.47;1.82;2.85;3.47;4.03;4.5;5.01;5.44;5.95;6.61;7.32;7.66;7.99;8.7;9.33;8.86;8.16;7;4.67;2.33;0
175;0;0.68;1.4;1.75;2.77;3.38;3.92;4.4;4.89;5.32;5.81;6.47;7.16;7.49;7.83;8.51;9.13;8.68;7.99;6.85;4.56;2.28;0
180;0;0.68;1.38;1.73;2.74;3.36;3.89;4.36;4.85;5.28;5.76;6.43;7.1;7.43;7.78;8.44;9.07;8.61;7.94;6.8;4.54;2.26;0