TWA;0;2;4;5;8;10;12;14;16;18;20;22;24;25;26;28;30;32;35;40;50;60;70
0;0;0;0;0;0;0;0;0;0;0;0;0;0;0;0;0;0;0;0;0;0;0;0
20;0;0.09;0.11;0.13;0.09;0.1;0.06;0.04;0.04;0.02;0.02;0.01;0.01;0.01;0.01;0.01;0.01;0.01;0.01;0;0;0;0
30;0;0.37;0.48;0.55;0.44;0.48;0.32;0.2;0.22;0.14;0.15;0.09;0.09;0.05;0.05;0.05;0.05;0.04;0.04;0.04;0.02;0.01;0
35;0;0.64;0.86;0.99;0.83;0.88;0.62;0.41;0.45;0.29;0.31;0.19;0.2;0.11;0.11;0.11;0.11;0.1;0.1;0.08;0.05;0.03;0
40;0;0.96;1.4;1.61;1.4;1.48;1.1;0.77;0.83;0.57;0.61;0.38;0.4;0.23;0.24;0.24;0.23;0.22;0.2;0.17;0.12;0.06;0
45;0;1.32;2;2.29;2.15;2.27;1.81;1.32;1.42;1.02;1.09;0.73;0.75;0.46;0.46;0.49;0.45;0.43;0.4;0.34;0.23;0.11;0
50;0;1.75;2.72;3.12;3.03;3.2;2.64;2.07;2.21;1.71;1.82;1.26;1.31;0.85;0.86;0.88;0.84;0.8;0.73;0.63;0.41;0.21;0
55;0;2.2;3.54;4.07;4.08;4.31;3.68;2.98;3.2;2.55;2.73;2.02;2.09;1.44;1.46;1.49;1.42;1.35;1.25;1.07;0.72;0.35;0
60;0;2.68;4.44;5.1;5.28;5.58;4.91;4.12;4.42;3.65;3.9;3;3.1;2.23;2.25;2.3;2.2;2.09;1.92;1.65;1.1;0.54;0
65;0;3.13;5.36;6.15;6.57;6.95;6.31;5.47;5.88;5.01;5.35;4.27;4.41;3.28;3.32;3.39;3.23;3.07;2.83;2.42;1.61;0.81;0
70;0;3.52;6.23;7.15;7.89;8.33;7.81;7;7.5;6.62;7.06;5.83;6.02;4.64;4.69;4.8;4.57;4.34;4;3.43;2.28;1.14;0
75;0;3.84;6.99;8.02;9.12;9.64;9.31;8.61;9.24;8.41;8.98;7.65;7.91;6.29;6.37;6.52;6.21;5.9;5.43;4.66;3.1;1.56;0
80;0;3.94;7.57;8.68;10.19;10.77;10.73;10.23;10.97;10.31;11.01;9.69;10;8.23;8.32;8.52;8.12;7.72;7.1;6.09;4.06;2.03;0
85;0;3.94;7.57;8.68;10.99;11.61;11.93;11.73;12.58;12.2;13.02;11.82;12.21;10.37;10.49;10.75;10.23;9.73;8.96;7.67;5.12;2.56;0
90;0;3.94;7.57;8.67;11.16;11.92;12.83;13.01;13.95;13.94;14.88;13.94;14.39;12.61;12.77;13.07;12.45;11.83;10.9;9.34;6.22;3.11;0
95;0;3.84;7.47;8.58;11.21;12.13;13.03;13.94;14.95;15.4;16.44;15.87;16.4;14.83;15.01;15.36;14.63;13.89;12.8;10.98;7.31;3.66;0
100;0;3.74;7.32;8.48;11.24;12.25;13.13;14.14;15.35;16.46;17.57;17.49;18.08;16.85;17.05;17.46;16.62;15.79;14.54;12.47;8.31;4.16;0
105;0;3.62;7.14;8.38;11.3;12.22;13.23;14.24;15.55;16.72;17.77;18.65;19.27;18.52;18.74;19.19;18.27;17.36;15.99;13.7;9.14;4.56;0
110;0;3.48;6.93;8.18;11.21;12.2;13.23;14.34;15.75;16.97;18.08;18.79;19.36;19.7;19.93;20.41;18.8;18.47;17.01;14.58;9.71;4.86;0
115;0;3.38;6.77;8.05;11.11;12.12;13.13;14.44;15.75;16.94;17.98;18.86;19.52;19.89;20.12;20.77;19.18;18.79;17.31;14.83;9.9;4.95;0
120;0;3.27;6.56;7.86;10.91;12.12;13.14;14.44;15.75;16.93;17.87;18.96;19.59;19.99;20.4;21.11;19.63;19.1;17.59;15.08;10.05;5.03;0
125;0;3.13;6.26;7.57;10.6;11.92;13.03;14.54;15.75;16.85;17.87;18.95;19.69;20.2;20.6;21.41;19.99;19.37;17.84;15.29;10.2;5.1;0
130;0;3.01;5.96;7.27;10.3;11.61;12.94;14.38;15.75;16.76;17.97;19.02;19.87;20.3;20.8;21.71;20.36;19.64;18.1;15.51;10.34;5.17;0
135;0;2.78;5.51;6.77;9.69;11.11;12.42;13.94;15.45;16.46;18.08;19.09;20.09;20.6;21.11;21.91;20.54;19.82;18.26;15.65;10.43;5.22;0
140;0;2.52;5.05;6.26;9.05;10.6;11.82;13.23;14.82;16.06;17.86;19.11;20.3;20.8;21.41;22.11;20.99;20.01;18.43;15.79;10.53;5.26;0
145;0;2.26;4.55;5.55;8.38;9.9;11.11;12.32;13.83;15.15;17.07;18.7;20.1;20.9;21.58;22.52;21.27;20.38;18.76;16.09;10.72;5.36;0
150;0;2.02;4.04;5.05;7.78;9.29;10.5;11.61;12.83;14.34;16.16;17.86;19.54;20.62;21.51;22.43;21.24;20.29;18.69;16.02;10.68;5.34;0
155;0;1.82;3.67;4.49;7.07;8.48;9.79;10.91;12.02;13.33;14.74;16.46;18.27;19.45;20.2;21.3;20.29;19.27;17.75;15.21;10.14;5.07;0
160;0;1.62;3.37;4.13;6.46;7.88;9.19;10.3;11.41;12.52;13.53;15.24;16.99;18.02;18.83;20.06;19.1;18.15;16.71;14.33;9.55;4.78;0
165;0;1.52;3.14;3.84;6.16;7.57;8.79;9.9;11.01;11.97;12.94;14.54;16.06;17.1;17.88;19.09;18.18;17.27;15.9;13.63;9.09;4.54;0
170;0;1.44;3;3.68;5.96;7.37;8.5;9.59;10.6;11.61;12.51;14;15.55;16.36;17.07;18.48;17.6;16.72;15.4;13.2;8.8;4.4;0
175;0;1.42;2.93;3.64;5.82;7.17;8.28;9.36;10.4;11.31;12.29;13.73;15.25;15.96;16.66;18.08;17.22;16.36;15.07;12.92;8.6;4.3;0
180;0;1.41;2.92;3.64;5.76;7.07;8.18;9.19;10.2;11.11;12.12;13.53;14.94;15.65;16.36;17.77;16.93;16.08;14.82;12.69;8.46;4.23;0